159448
226926
246580
325315
513957
560617
632277
851703
940727
159448
226926
246580
325315
513957
560617
632277
851703
940727
159448
226926
246580
325315
513957
560617
632277
851703
940727
159448
226926
246580
325315
513957
560617
632277
851703
940727
159448
226926
246580
325315
513957
560617
632277
851703
940727
159448
226926
246580
325315
513957
560617
632277
851703
940727
159448
226926
246580
325315
513957
560617
632277
851703
940727
159448
226926
246580
325315
513957
560617
632277
851703
940727
